	HIS	GLU	ILE	GLN	SER	LEU	LYS	VAL	TYR	PHE	GLY	ASN	ASP	ALA	PRO	CYS	TRP	ARG	THR	MET
HIS	2	10	6	1	3	6	2	3	7	7	2	3	5	4	0	3	1	14	1	1
GLU	10	6	10	10	10	12	15	9	16	5	13	9	4	10	9	0	8	29	5	7
ILE	6	10	70	11	8	70	3	42	25	45	9	15	8	16	14	7	7	17	16	12
GLN	1	10	11	12	18	20	9	6	8	11	9	6	9	12	4	1	8	15	9	5
SER	3	10	8	18	8	20	11	13	17	17	7	8	8	11	7	0	5	19	14	6
LEU	6	12	70	20	20	161	13	60	44	85	32	16	13	47	9	4	16	24	36	28
LYS	2	15	3	9	11	13	6	4	12	15	7	4	19	1	9	1	3	8	6	2
VAL	3	9	42	6	13	60	4	32	19	49	12	9	9	19	9	1	6	20	16	6
TYR	7	16	25	8	17	44	12	19	31	28	19	10	8	11	11	4	7	27	15	8
PHE	7	5	45	11	17	85	15	49	28	88	28	17	9	21	11	6	22	22	13	17
GLY	2	13	9	9	7	32	7	12	19	28	22	4	6	12	11	3	7	12	5	8
ASN	3	9	15	6	8	16	4	9	10	17	4	23	5	11	7	3	5	8	7	5
ASP	5	4	8	9	8	13	19	9	8	9	6	5	10	1	3	0	3	20	11	3
ALA	4	10	16	12	11	47	1	19	11	21	12	11	1	27	5	4	2	9	8	9
PRO	0	9	14	4	7	9	9	9	11	11	11	7	3	5	11	0	1	8	6	1
CYS	3	0	7	1	0	4	1	1	4	6	3	3	0	4	0	7	0	0	1	0
TRP	1	8	7	8	5	16	3	6	7	22	7	5	3	2	1	0	4	7	4	5
ARG	14	29	17	15	19	24	8	20	27	22	12	8	20	9	8	0	7	39	8	4
THR	1	5	16	9	14	36	6	16	15	13	5	7	11	8	6	1	4	8	41	6
MET	1	7	12	5	6	28	2	6	8	17	8	5	3	9	1	0	5	4	6	20
